lat,lon,alt,time
7.609728571149757,47.78338411308827,13666.527295112612,23.591188430786133
7.659777407528194,47.75120689393588,13908.029818534853,13.606649994850159
7.71275563794552,47.7966811820048,13195.728802680971,27.11356472969055
7.76344674388796,47.784834214511086,13437.823379039766,27.66712510585785
7.792683040648137,47.758821643978756,12880.071961879732,31.115115523338318
7.794410223074605,47.73875281574727,13119.992339611055,38.798173785209656
7.800723579727971,47.72666973333875,12290.926718711855,48.291516065597534
7.807786878266772,47.71164405192232,12084.992432594301,54.48172152042389
7.81927658105458,47.702581314392695,11845.868134498598,62.5011488199234
7.82939596892589,47.68970550595834,11777.611815929415,68.1386547088623
7.838021737388772,47.67107403681281,11605.17733693123,72.49583888053894
7.843590123416806,47.63801700921264,11546.678626537325,73.55089545249939
7.847036097472343,47.60382761652489,11379.205876588823,78.20241737365723
7.850962875713146,47.583876816390585,11030.905389785768,88.74989604949951
7.858723616182417,47.586765686190084,10603.397482633593,105.9555047750473
7.8752519353377535,47.58786152716003,10305.53289651871,117.48783946037292
7.894764677220407,47.60588729490136,9995.360368490221,137.19119310379028
7.920853936450228,47.599595633955836,9847.4735558033,137.9316680431366
7.944817479112684,47.60543549978708,9464.0504360199,148.9477540254593
7.960608241429432,47.620927010504474,9369.5560336113,167.63475787639618
7.977427767231522,47.629330611023725,9130.876713991167,178.70753860473633
7.995596602221003,47.63481533559539,8837.783598899841,185.92006015777588
8.012023570888564,47.64456680524035,8650.95647573471,197.98873901367188
8.026529075687117,47.65546966539752,8486.828887462616,212.4037789106369
8.0417253844908,47.66247307687335,8264.703893661499,222.66116452217102
8.065717978852472,47.65692569758542,7884.20411348343,215.52388966083527
8.080228483646737,47.668699558123414,7731.484496593476,230.48693919181824
8.096191630873085,47.67191291710949,7579.732441902162,240.00886631011963
8.113508340156736,47.672805350453245,7234.438532590867,244.44334530830383
8.122799826439369,47.681834676048894,7196.488940715791,264.9300659894943
8.128659706470234,47.689281250733394,7158.857280015946,290.5344521999359
8.146387162527985,47.6845605378893,6818.527603149415,291.7618489265442
8.164579963014148,47.68410997590439,6608.870142698289,294.1722364425659
8.176729665235808,47.687962800551304,6608.735585212708,309.834263920784
8.18861465504086,47.68840015043578,6470.151388645173,324.0657731294632
8.193781374746777,47.691363595202155,6495.839977264405,347.4796049594879
8.208395787497885,47.68622667183428,6287.800961732865,353.5299732685089
8.218305836468307,47.686646523025736,6222.066813707353,367.510719537735
8.228654103453628,47.684499938388655,6202.022129297257,380.86912965774536
8.23890926707054,47.68241148699347,6061.636739969254,393.72043347358704
8.253863679529996,47.67615793561764,5845.548057556153,397.42037415504456
8.269534643098932,47.67026122839432,5594.170892238618,399.6751331090927
8.284203193734637,47.66409323270883,5412.023866176606,403.70431888103485
8.293533990328378,47.66063459841831,5334.615135192872,416.7481473684311
8.302269442605219,47.655211471594875,5230.87381720543,429.66214191913605
8.312243112210721,47.648496671112895,5048.202329874039,439.34515929222107
8.3222254599697,47.64205967706263,4896.163010597229,448.741734623909
8.332320968551148,47.635515107154646,4734.930598735809,458.11865973472595
8.341859581058578,47.62913689227119,4591.2882924079895,468.6825234889984
8.350301240483986,47.62314805266754,4471.718633174896,480.9177839756012
8.359189278836837,47.616082338798115,4319.8338985443115,491.9514126777649
8.368121627496503,47.609001064010414,4167.676293849945,502.8794882297516
8.377125355405287,47.60176464980343,4017.2285079956055,513.6555268764496
8.385877704219359,47.59474532508663,3874.9780893325806,524.7779674530029
8.394740800064868,47.587385010737826,3728.2271921634674,535.3995945453644
8.403653723453843,47.57998547113086,3578.4065067768097,545.7828662395477
8.412547221572122,47.572639778173205,3431.1818420886993,556.0696678161621
8.421360949643889,47.56540817904282,3286.003702878952,566.2822616100311
8.430150080035604,47.558240115435396,3141.3913309574127,576.2490198612213
8.438554153286358,47.551881630621914,3010.4618906974792,586.5893697738647
8.446644893472554,47.54599361402466,2886.7359697818756,596.7929399013519
8.454586553326862,47.54039720316402,2763.6490404605865,606.5544097423553
8.46254861546252,47.534979302460314,2638.8022243976593,615.7908446788788
8.470517746557633,47.52998759475627,2516.2378787994385,624.7534825801849
8.478247797398057,47.52604064123384,2405.798101425171,633.7830855846405
8.485833595488657,47.522396567773725,2299.997115135193,642.2462754249573
8.49324163511105,47.519150853821714,2197.422379255295,650.3341519832611
8.500328640526067,47.51637766330154,2098.6909806728363,658.3745355606079
8.506905186608842,47.513956032093716,2002.6807725429535,666.637898683548
8.512795986153414,47.5114109117872,1906.7018568515778,675.3026962280273
8.517770809472216,47.50843824791075,1811.376953125,684.6719927787781
8.52159724297151,47.50502312547099,1722.9532837867737,694.8031361103058
8.524253562531998,47.50089478448976,1648.0598390102386,704.9240684509277
8.52593804384567,47.496065556260795,1591.6558444499967,714.0929446220398
8.526957123431274,47.49066932340179,1553.3720493316648,721.7128372192383
